100
83 5 45872 7052 5012 89927 24374 11753 22418
67 13 52454 31320 23334 70734 50264 59329 8426
2 14 93955 12761 94729 30561 21975 53591 31952
56 15 81569 96362 36297 47311 53688 84849 54749
10 10 10001 10002 10003 10004 10005 10006 89273
44 15 53487 80337 62873 98653 63778 32167 20656
99 18 50012 9039 31822 25965 51696 36612 64298
87 17 11095 79815 28749 84945 64376 19288 56362
42 8 39590 49191 18937 8116 94255 62475 814
83 18 64435 51351 29939 28236 26151 15440 9462
81 6 35590 2307 90010 61767 10936 19455 43789
39 12 84039 45032 85499 49962 89239 16618 47206
79 2 99233 95942 4128 6529 19697 75122 75197
3 15 54934 74437 55117 84895 73237 84017 26140
75 12 62016 9498 50519 48059 59004 87609 56753
58 20 61280 75136 59131 59515 55946 82679 76908
23 14 37825 60241 52968 18909 84427 98432 16008
24 1 69491 7754 30400 96344 74703 62754 69259
40 4 58256 97146 37070 541 79147 72914 71942
11 15 71523 67561 63431 110 50807 29189 54319
32 7 19901 59614 81284 37442 66872 1895 75756
43 17 79662 70672 99234 49249 95587 39275 64544
85 1 57074 33428 91126 84938 38768 30905 70935
62 7 38337 86618 24274 73961 67331 67912 33923
83 12 88289 14370 33374 36470 55861 96015 37584
31 20 98757 65632 92816 93167 32662 29258 87428
75 9 57934 95528 17273 91318 19848 8848 14500
9 5 39550 99855 33172 27952 40337 73033 76823
20 16 93016 85788 2618 54249 38532 15332 30812
83 11 32463 57092 71779 48781 72829 21505 93167
10 2 9566 23616 26502 63618 63395 90787 24787
79 15 58517 59888 95663 15015 54851 87049 9322
9 6 19238 94147 58102 23317 65368 81056 47654
54 5 47507 89232 29976 48845 30413 75085 43608
3 14 3440 94228 24195 12386 31475 54937 40111
73 20 29026 96735 27590 33440 41109 46695 91946
2 20 5874 50976 88694 15069 5005 72660 77418
87 1 51027 92754 55368 27584 66108 76391 79390
38 2 79202 49359 45954 7500 26627 34761 50169
2 3 1 2 1 2 1 1 9
63 4 91466 72309 99771 55417 80836 24575 44587
32 8 33972 34057 37743 76512 71011 29446 29088
42 1 24455 23885 18189 60184 27151 88685 92262
96 18 99231 13196 17780 16008 11302 25673 97524
59 4 80407 19754 96990 58433 66164 48687 48980
39 17 43615 66875 74844 77804 71414 402 17891
68 18 3537 72334 58095 33047 60398 72851 16049
28 6 83440 36500 80682 92764 59074 96653 82402
33 7 86600 22150 21684 99238 76352 76245 12655
46 2 3423 44038 32608 43026 54835 16560 30707
30 17 24641 8256 12394 27484 95247 43167 60140
72 7 30533 53620 43866 89808 41868 21449 81026
11 15 14402 93014 13404 7756 74325 77427 84030
25 5 77754 64338 26971 13977 15820 89964 37734
14 1 3501 68735 50596 37338 3697 1616 64080
17 20 88553 76302 34930 67149 23286 428 19080
92 17 78471 84455 22927 88883 84087 80436 40529
72 18 45916 91167 36660 23302 27479 54618 34480
55 10 35499 52192 37901 39347 13957 50495 46559
71 16 29238 18629 17624 57026 22614 63689 65691
100 8 91259 73047 48812 36376 57716 1648 47805
27 15 40409 70476 90125 81335 73824 91372 70556
5 16 53104 75605 97732 63772 80065 37771 78797
19 16 86 62911 35250 12497 48560 51624 46764
64 20 29447 40549 55222 70311 79570 12427 77047
50 12 94317 5965 1489 39467 18916 75815 54537
95 2 779 78061 77478 56949 7092 26647 62626
45 5 86216 6172 63965 371 97158 13010 69228
100 20 100000 100000 100000 100000 100000 100000 100000
4 12 63387 30355 53252 58395 55785 94661 43869
62 3 31391 91483 9337 3738 65811 95462 74442
18 10 57024 59175 31813 76960 21405 53016 34503
56 17 45499 38377 83488 77452 1765 19191 76453
27 11 71958 59207 30436 16222 17492 99878 52473
86 8 35521 29911 32171 90813 82311 58819 54891
100 4 95720 12254 26997 53853 90806 45971 99682
63 13 57898 58833 87261 77063 17907 26323 51449
74 2 86987 67468 59033 76381 4993 58219 42240
7 20 72088 52616 89061 15400 63232 12239 17840
82 2 55656 84377 54880 55218 87590 97999 67275
69 13 94928 23398 84181 15782 50485 12240 97291
73 3 11790 41099 42026 12319 50537 82240 46600
6 1 91717 18946 93469 74226 19069 40996 46599
34 19 96760 50251 74517 95982 51820 42158 37360
99 18 11651 59502 89354 6646 70490 95585 68893
85 20 26624 60757 73453 67621 56796 16700 51295
71 5 62368 47810 91389 51433 28356 31249 73353
13 15 94840 88394 48407 45826 42784 44628 42796
50 5 58580 68572 96034 91421 39384 41716 30559
100 10 74751 18243 81787 24267 6004 68145 23498
42 4 79330 62925 29285 14418 94949 82522 91900
37 11 53554 2469 75968 21383 96153 38235 87407
79 10 11467 12699 69331 92399 55351 22733 11193
20 5 44676 95357 8402 65093 83119 74211 59786
80 13 91219 30445 83720 85216 45949 60222 19364
68 17 71035 59311 59541 67841 24047 40992 95211
43 13 80945 68367 914 85997 85846 9015 34604
4 20 85245 68838 5962 42267 34078 39442 52530
75 8 60685 62496 1145 78823 89333 95541 59962
61 19 78266 64103 19763 11377 81863 56812 89253
