100
4 1 1 4 1 1 4 2 4 5
6 3 1 1 0 1 0 1 0 9
3 7 24 34 11 17 31 15 40 50
500000 336611 351695 1 0 625964 0 1 631821 1000000
500000 961667 500000 1 0 1 0 1 0 1000000
500000 999999 967840 1 0 0 0 1 1 1000000
500000 418373 486938 449779 200324 860878 751587 485415 226892 893102
500000 295210 999999 1 0 1 0 1 0 1000000
500000 796652 959073 1 0 25000 0 1 1 1000000
495937 558939 535620 771134 790692 894953 165683 896979 709050 912311
500000 242035 637835 146669 189127 393466 342322 334136 601617 698021
500000 665179 597897 357424 367763 822186 271386 827522 231550 982240
47210 384865 806327 365040 31091 497917 34042 480848 930128 978170
500000 690805 653852 726996 812253 195719 33155 172470 465690 1000000
126001 295131 554193 805325 195415 108925 321727 514808 284241 882007
44404 99942 207541 182079 729590 642635 354018 412870 708674 822480
75005 743607 75084 930412 748844 429975 389231 347506 837139 1000000
500000 0 0 1 0 999999 0 1 999999 1000000
320376 528827 828628 79941 783787 86567 136855 282338 191704 995541
257544 442131 552114 635982 931624 235392 601100 161741 73307 943167
500000 520351 429777 262945 266520 450651 583712 747196 562811 879390
31256 5964 894316 232854 0 870555 0 201626 291371 1000000
500000 388436 766255 1 0 1 0 1 25000 1000000
500000 7996 18879 701727 803945 164368 260769 342161 861552 945740
500000 195823 355607 605542 388267 547403 100323 767462 260196 768367
74971 531244 439971 403076 459433 826528 700911 339246 558196 904422
125005 582533 937359 942157 551819 995981 474516 950250 596759 1000000
500000 767295 275570 401724 337177 315823 497267 519505 649742 907821
498181 993778 943550 643824 413239 426320 189572 35259 142077 996362
500000 59540 559310 1 0 671034 0 1 169920 1000000
500000 650696 0 1 0 1 0 1 0 1000000
50006 978080 343788 419454 0 61766 0 210935 290009 1000000
336120 319139 566706 228152 442256 632101 580696 334189 469574 840325
371281 889189 799271 173342 400972 885552 848711 857647 461546 905182
4003 173823 481334 590124 0 440408 0 970475 599239 1000000
2506 502306 235589 771344 0 722417 0 608782 211752 1000000
51230 755579 218369 73042 272608 674550 616111 456464 718955 973446
116676 303192 421818 345547 584498 189516 193674 114422 653262 705739
500000 874324 307755 1 0 13403 0 1 493013 1000000
51243 501116 277788 771099 692326 260512 485498 12974 541609 819848
36722 126822 168463 506154 492226 111168 640353 162031 64141 734480
200005 175135 61279 452933 0 16007 0 58622 398431 1000000
16236 626631 772337 671758 663832 646746 797070 905993 611008 925623
444511 521523 276631 347732 263452 473968 675425 211053 269154 889038
500000 142808 150623 11451 174402 765160 309715 916630 308555 985801
500000 890812 432170 529910 435520 383603 321299 399681 545970 1000000
500000 348294 194010 1 0 284029 0 1 277426 1000000
500000 301786 302292 397817 803631 792621 62355 139166 278257 918780
224281 655251 598869 440265 464706 239332 418565 662513 502095 872088
500000 320493 566718 167820 258242 543571 253028 94260 760531 929864
500000 236499 883439 1 0 1 0 1 1000 1000000
500000 751628 72567 161555 140118 283513 871457 226348 496564 907303
236509 774955 729760 225436 323149 472452 293930 775970 351412 946037
500000 195662 459887 1 0 58516 0 1 455845 1000000
500000 361379 27372 235304 771251 322050 132055 769095 183655 829439
500000 492763 80681 1 0 50000 0 1 1 1000000
143220 204581 187016 205217 305345 420839 903562 515514 36133 931333
62512 833373 14369 888288 345707 488885 354890 458818 82310 1000000
3 0 0 1 0 1 1 1 0 2
500000 510240 676637 731521 744398 83537 299694 667346 160966 931073
62510 162367 369506 254171 181025 121448 541867 789807 843865 1000000
500000 63527 434738 555482 111408 462610 242965 199028 688042 912899
465654 586657 105885 925525 91984 677223 624782 38458 472143 931322
500000 0 0 1 0 11 0 1 11 1000000
4 0 0 1 0 1 1 1 0 2
48337 552624 304980 659994 304288 409483 392531 402364 161655 773336
62501 101764 77451 883487 0 945498 0 438376 509451 1000000
500000 724373 289926 405011 0 245871 0 207051 880878 1000000
430056 896365 544376 233884 822472 688331 808471 85614 770449 899231
100006 51157 676907 482678 0 959514 0 955945 859130 1000000
9240 601114 80243 938112 187672 145512 401284 386610 141049 996034
31104 877706 645491 829966 722739 589920 14653 425641 885686 995584
500000 500000 124046 1 0 0 0 1 1 1000000
300002 753619 30532 133791 674982 237583 896014 555860 336469 1000000
6256 586549 154536 775814 0 939466 0 218915 601488 1000000
500000 260183 118188 1 0 723884 0 1 824454 1000000
500000 258536 860846 384880 606964 376179 51871 379458 98037 942796
500000 852781 222543 420142 39635 111512 837412 840857 192997 873047
500000 342052 276174 566194 624346 476924 355460 266438 311360 650596
500000 94427 782401 1 0 1000 0 1 1 1000000
500000 209038 750011 1 0 116014 0 1 268578 1000000
500000 63688 822613 657025 817623 718628 729237 670444 68353 1000000
500000 0 0 1 0 499999 0 1 499999 1000000
72996 247971 802952 776204 125731 395034 120321 273123 787679 915906
2506 84426 118908 552967 0 337824 0 860240 8785 1000000
500000 329464 145878 56497 722970 533456 123331 442694 796429 846559
453564 36579 461331 245350 677043 269261 814531 758675 631114 909263
500000 289341 892261 1 0 988684 0 1 427150 1000000
500000 0 0 1 0 1 0 1 1 1000000
500000 376452 219190 1 0 1 0 1 50000 1000000
13 593424 19570 973352 931248 28355 951432 791388 447809 1000000
500000 144240 379809 225022 741120 58487 197087 647023 864605 917999
500000 564861 258973 523674 215054 53795 556776 310550 611909 748560
500000 282798 294018 449788 641230 108775 89815 280166 371783 659033
500000 0 340991 1 0 0 0 1 1 1000000
500000 309321 787048 1 0 954850 0 1 115014 1000000
500000 314401 819157 1 0 700998 0 1 664297 1000000
200000 821401 877417 272659 205004 715068 188693 750975 405873 1000000
500000 199034 397315 400600 431041 912945 64309 465301 704953 923398
500000 646436 126259 98355 28839 313368 170917 643685 84720 791126
