100
4 1 1 4 1 1 4 2 4 5
6 3 1 1 0 1 0 1 0 9
3 7 24 34 11 17 31 15 40 50
1000 611 695 1 0 964 0 1 821 1000
1000 667 500 1 0 1 0 1 0 1000
1000 999 840 1 0 0 0 1 1 1000
157 686 247 911 230 935 348 42 36 975
1000 210 999 1 0 1 0 1 0 1000
1000 652 73 1 0 250 0 1 1 1000
322 336 717 747 43 200 497 28 364 967
246 469 482 530 613 325 163 464 47 996
197 689 607 14 323 526 56 462 0 790
1000 269 481 293 378 435 40 422 670 719
1000 805 852 996 253 719 155 470 690 1000
996 216 650 19 146 296 478 143 430 835
1000 571 739 464 44 173 580 58 931 949
602 607 84 412 844 975 231 506 139 1000
1000 0 0 1 0 999 0 1 999 1000
840 884 736 561 694 167 826 965 565 975
126 462 222 396 445 627 257 458 602 777
840 245 59 83 166 469 550 712 429 754
253 964 316 854 0 555 0 626 371 1000
1000 436 255 1 0 1 0 1 250 1000
1000 585 800 587 470 64 778 775 452 829
1000 92 687 202 753 42 374 414 104 997
1000 751 921 866 382 16 693 420 733 999
127 533 359 157 819 981 516 250 759 1000
1000 360 413 747 793 310 89 700 248 927
282 354 315 220 372 115 654 507 615 849
500 540 310 1 0 34 0 1 920 1000
1000 696 0 1 0 1 0 1 0 1000
53 80 788 454 0 766 0 935 9 1000
121 270 755 629 168 884 725 272 344 902
1000 387 653 348 408 770 877 601 370 994
6 823 334 124 0 408 0 475 239 1000
23 306 589 344 0 417 0 782 752 1000
72 569 500 610 58 552 631 386 95 765
504 700 771 907 771 492 534 239 537 962
1000 324 755 1 0 403 0 1 13 1000
1000 754 552 17 686 92 692 216 71 934
325 906 39 158 138 244 161 215 329 972
202 135 279 933 0 7 0 622 431 1000
1000 662 276 934 811 313 644 755 836 977
240 764 920 737 235 752 104 56 110 935
1000 533 213 251 731 50 266 414 615 801
1000 812 170 910 520 603 299 681 970 1000
1000 294 10 1 0 29 0 1 426 1000
198 18 108 777 191 517 735 82 601 796
61 219 621 273 186 100 749 425 615 840
1000 122 103 55 908 38 493 155 469 911
1000 499 439 1 0 1 0 1 20 1000
1000 276 288 111 189 354 796 375 204 937
1000 174 42 466 362 260 109 22 289 742
1000 662 887 1 0 516 0 1 845 1000
931 369 217 47 218 248 893 137 278 933
1000 763 681 1 0 500 0 1 1 1000
1000 551 263 369 247 548 859 196 397 867
506 373 369 288 707 885 890 818 310 1000
3 0 0 1 0 1 1 1 0 2
841 599 82 318 523 168 516 779 850 946
504 367 506 171 25 448 867 807 865 1000
1000 347 706 864 317 331 139 337 222 899
234 481 121 355 804 411 62 120 839 954
1000 0 0 1 0 11 0 1 11 1000
4 0 0 1 0 1 1 1 0 2
18 184 161 125 939 771 71 134 568 945
500 764 451 487 0 498 0 376 451 1000
500 373 926 11 0 871 0 51 878 1000
70 172 710 99 402 456 351 715 466 898
103 157 907 678 0 514 0 945 130 1000
173 777 619 376 26 274 756 286 738 865
96 138 499 526 883 32 509 873 246 960
1000 500 46 1 0 0 0 1 1 1000
601 619 532 791 982 583 14 860 469 1000
53 549 536 814 0 466 0 915 488 1000
500 183 188 1 0 884 0 1 454 1000
1000 283 797 457 161 226 671 754 224 925
84 139 482 142 421 114 541 612 602 812
336 654 376 376 44 618 467 95 358 735
1000 427 401 1 0 20 0 1 1 1000
500 38 11 1 0 14 0 1 578 1000
1000 688 613 25 623 628 237 444 353 1000
1000 0 0 1 0 499 0 1 499 1000
1000 411 500 857 358 42 60 288 659 999
23 426 908 967 0 824 0 240 785 1000
841 323 530 891 781 695 257 63 609 957
362 748 386 702 368 186 671 176 141 836
500 341 261 1 0 684 0 1 150 1000
1000 0 0 1 0 1 0 1 1 1000
1000 452 190 1 0 1 0 1 500 1000
7 424 570 352 248 355 432 388 809 1000
1000 622 495 547 344 37 836 468 140 999
1000 421 511 860 622 95 262 515 257 911
1000 237 439 164 419 367 405 193 564 993
1000 0 991 1 0 0 0 1 1 1000
500 321 48 1 0 850 0 1 14 1000
1000 401 157 1 0 998 0 1 297 1000
200 401 417 659 4 68 693 975 873 1000
840 754 777 800 599 237 837 599 773 928
465 470 449 672 791 341 231 368 600 961
